206.61
206.64
206.67
206.71
206.81
207.71
254.79
255.46
270.10
270.54
271.24
271.91
272.37
286.02
300.50
311.65
312.01
331.73
332.80
333.67
335.47
335.50
335.57
337.34
337.97
338.00
338.20
345.68
347.45
350.05
351.35
352.89
355.42
356.06
357.32
358.89
359.89
360.26
363.16
363.76
406.27
410.68
411.18
413.45
414.95
415.62
416.35
417.42
417.98
418.39
418.95
419.95
433.50
435.47
444.31
444.74
448.52
449.05
449.82
449.98
450.15
454.65
455.22
456.96
475.64
476.34
487.12
487.52
487.79
489.06
489.49
490.16
491.89
497.16
499.70
513.18
514.51
520.65
521.25
522.26
523.12
523.72
525.06
525.29
525.33
525.36
525.39
525.43
525.46
549.05
555.39
570.70
587.25
597.56
615.55
633.57
633.67
633.77
634.03
634.20
644.74
645.41
645.75
650.62
656.02
656.39
664.83
666.70
672.64
677.91
679.38
723.96
733.13
735.17
735.77
741.74
742.34
743.18
745.85
747.25
748.01
749.15
749.65
750.45
752.15
752.95
753.59
754.49
754.89
755.26
756.26
756.86
758.26
759.26
759.69
760.19
760.73
762.56
763.00
765.33
772.01
773.34
774.47
774.74
775.21
783.42
785.29
787.15
787.52
787.92
788.46
789.86
795.33
795.86
805.97
807.64
808.17
813.21
815.28
817.92
818.45
819.35
819.99
820.65
823.06
824.92
825.96
827.73
828.36
831.33
832.03
832.63
834.87
835.74
836.80
837.94
838.87
840.47
841.61
844.14
846.78
848.52
855.39
856.86
858.46
861.49
865.17
873.84
886.35
888.36
888.86
889.99
890.76
892.83
893.49
898.13
898.43
899.00
899.67
903.30
906.54
907.71
920.19
921.92
923.32
925.06
925.46
925.83
926.53
927.09
927.93
929.46
929.80
935.34
936.17
951.69
964.76
1001.64
1004.14
1012.55
1013.95
1038.41
1039.24
1047.68
1064.93
1065.57
1066.20
1068.17
1068.84
1069.94
1070.64
1071.50
1072.24
1072.97
1073.51
1093.33
1094.03
1094.83
1096.43
1097.06
1097.86
1099.07
1100.47
1101.60
1105.01
1106.11
1112.25
1144.81
1146.18
1147.38
1154.42
1157.22
1158.09
1159.33
1159.76
1216.98
1217.85
1218.49
1219.19
1226.16
1295.76
1325.73
1332.13
1333.20
1334.20
1335.14
1335.90
1337.07
1337.74
1338.81
1339.81
1340.77
1394.43
1460.59
1460.73
1460.86
1546.61
1546.98
1563.46
1563.80
1578.51
1585.22
1618.02
1618.72
1620.99
1632.23
1678.04
1681.92
1686.72
1689.62
1690.19
1691.16
1693.73
1904.00
1906.94
1924.19
1924.76
1968.10
1969.64
1969.94
1996.80
2006.27
2006.77
2018.08
2023.49
2025.66
2026.76
2027.49
2062.90
2592.46
2596.00
2597.06
2597.96
2598.37
2598.87
2630.40
2639.54
2640.77
2657.66
2658.26
2661.49
2726.03
2726.79
2764.50
3025.09
3026.19
3026.29
3026.33
3026.36
3026.46
3026.49
3026.53
3026.56
3026.66
3028.03
3028.83
3030.03
3031.26
3032.13
3032.60
3033.20
3035.10
3038.61
3041.61
3049.25
3057.06
3057.49
3057.82
3058.49
3059.13
3059.73
3060.89
3061.53
3062.00
3074.34
3075.44
3076.04
3076.68
3077.11
3078.18
3107.54
3115.72
3119.12
3119.79
3122.29
3122.79
3128.09
3130.03
3130.90
3139.51
3140.87
3152.05
3152.39
3267.33
3268.94
3271.47
3287.62
3289.32
3291.19
3334.40
3367.57
3369.34
3371.97
3387.02
3391.39
3410.18
3465.83
3466.70
3478.58
3487.79
3491.22
3491.93
3494.46
3498.70
3499.47
3510.64
3513.61
3514.35
3516.95
3519.92
3524.19
3525.13
3526.29
3527.56
3542.28
3542.94
3544.51
3545.51
3547.61
3549.38
3550.85
3552.55
3554.62
3555.49
3574.51
3578.21
3579.78
3582.42
3592.46
3596.50
3597.50
3599.43
3600.57
3820.32
3903.84
3904.17
3905.27
3914.41
3914.88
3916.28
3936.90
3938.14
3973.51
3974.24
4041.07
4041.98
4042.54
4048.32
4056.59
4057.26
4057.96
4058.76
4059.66
4071.91
4072.41
4072.74
4073.67
4074.01
4080.61
4080.88
4082.32
4215.55
4482.48
4483.42
4517.48
4519.29
4529.56
4530.30
4530.76
4531.97
4532.83
4537.57
4539.07
4542.48
4542.91
4543.31
4543.64
4544.04
4634.80
4634.97
4635.20
4635.24
4635.34
4635.44
4635.64
4636.24
4637.57
4637.60
4637.70
4637.74
4637.77
4638.67
4638.71
4638.74
4638.84
4638.91
4639.47
4639.54
4639.57
4639.67
4639.71
4640.14
4640.17
4640.84
4640.87
4640.94
4641.34
4641.38
4641.48
4641.54
4641.58
4641.61
4646.18
4755.62
4755.76
4755.79
4756.96
4768.20
4768.97
4769.87
4770.80
4772.17
4773.04
4774.51
4775.68
4779.95
4790.22
4795.30
4810.28
4811.01
4811.78
4816.45
4818.19
4847.51
4851.12
4864.76
4926.23
4927.33
4943.14
4955.89
4956.99
4964.23
4965.00
4992.86
5010.51
5010.98
5022.12
5023.52
5028.26
5028.66
5032.67
5036.20
5036.24
5036.60
5038.47
5039.01
5039.61
5040.01
5040.37
5040.97
5041.34
5041.91
5042.61
5044.08
5044.95
5049.65
5050.38
5056.32
5057.02
5068.24
5069.27
5076.51
5077.44
5078.35
5084.18
5085.15
5086.29
5087.62
5089.36
5090.49
5093.33
5095.66
5103.17
5104.80
5107.17
5113.25
5113.91
5114.78
5117.18
5118.35
5126.09
5126.83
5127.63
5134.17
5135.17
5137.80
5139.21
5140.94
5144.34
5145.91
5147.08
5147.98
5150.72
5151.22
5155.32
5158.59
5164.40
5164.93
5165.53
5171.24
5183.12
5186.55
5190.46
5204.80
5206.87
5214.58
5216.72
5221.89
5222.99
5224.89
5234.87
5237.47
5242.84
5245.41
5247.35
5248.68
5250.72
5252.49
5255.02
5257.06
5284.58
5294.13
5295.93
5297.43
5314.08
5315.82
5316.95
5318.05
5318.95
5321.82
5322.46
5323.56
5324.36
5327.16
5328.40
5328.80
5331.70
5332.20
5333.07
5333.83
5335.10
5336.57
5337.44
5338.14
5338.74
5339.14
5339.64
5339.94
5340.27
5341.78
5342.01
5342.04
5342.34
5342.54
5343.08
5344.11
5344.31
5344.54
5344.61
5345.35
5346.25
5347.25
5348.35
5348.82
5349.32
5349.72
5350.18
5351.62
5352.55
5354.62
5355.02
5356.49
5362.06
5362.53
5363.40
5364.06
5366.10
5373.71
5383.25
5384.92
5391.36
5395.06
5395.50
5395.63
5396.43
5396.63
5397.97
5399.23
5399.90
5400.73
5403.84
5405.94
5406.81
5407.67
5417.12
5418.12
5418.95
5420.89
5421.66
5422.02
5422.29
5423.76
5424.29
5431.33
5837.91
